0 0.825 0.6227941176470588 0.05588235294117647 0.18382352941176472
0 0.8627450980392157 0.4625 0.027450980392156862 0.039705882352941174
0 0.859313725490196 0.46911764705882353 0.020588235294117647 0.029411764705882353
0 0.9686274509803922 0.5845588235294118 0.043137254901960784 0.09558823529411764
0 0.9029411764705882 0.6176470588235294 0.060784313725490195 0.17352941176470588
0 0.7794117647058824 0.6360294117647058 0.03529411764705882 0.12205882352941176
0 0.7328431372549019 0.575 0.04803921568627451 0.061764705882352944
0 0.6897058823529412 0.5455882352941176 0.03627450980392157 0.07352941176470588
0 0.6558823529411765 0.5191176470588236 0.03333333333333333 0.041176470588235294
0 0.6073529411764705 0.5485294117647059 0.028431372549019607 0.041176470588235294
0 0.6196078431372549 0.5110294117647058 0.025490196078431372 0.04264705882352941
0 0.6029411764705882 0.5147058823529411 0.021568627450980392 0.041176470588235294
0 0.5882352941176471 0.5227941176470589 0.023529411764705882 0.03676470588235294
0 0.5696078431372549 0.524264705882353 0.023529411764705882 0.030882352941176472
0 0.5941176470588235 0.41544117647058826 0.025490196078431372 0.054411764705882354
0 0.5563725490196079 0.42720588235294116 0.03431372549019608 0.045588235294117645
0 0.5553921568627451 0.6022058823529411 0.03823529411764706 0.06323529411764706
0 0.5063725490196078 0.55 0.061764705882352944 0.07941176470588235
0 0.41911764705882354 0.5720588235294117 0.03431372549019608 0.052941176470588235
0 0.47058823529411764 0.5948529411764706 0.10980392156862745 0.125
0 0.45931372549019606 0.49411764705882355 0.028431372549019607 0.03529411764705882
0 0.42892156862745096 0.4808823529411765 0.04411764705882353 0.05588235294117647
0 0.4024509803921569 0.48161764705882354 0.03431372549019608 0.033823529411764704
0 0.3568627450980392 0.5 0.043137254901960784 0.052941176470588235
0 0.33578431372549017 0.5183823529411765 0.06372549019607843 0.04264705882352941
0 0.3235294117647059 0.48823529411764705 0.058823529411764705 0.058823529411764705
0 0.28627450980392155 0.5088235294117647 0.03333333333333333 0.03235294117647059
0 0.2754901960784314 0.48161764705882354 0.03333333333333333 0.06323529411764706
0 0.271078431372549 0.7595588235294117 0.15196078431372548 0.11911764705882352
0 0.2 0.7558823529411764 0.1568627450980392 0.15294117647058825
0 0.17647058823529413 0.4727941176470588 0.027450980392156862 0.054411764705882354
0 0.13284313725490196 0.4727941176470588 0.03235294117647059 0.045588235294117645
0 0.09313725490196079 0.4786764705882353 0.029411764705882353 0.045588235294117645
0 0.060784313725490195 0.47941176470588237 0.025490196078431372 0.03529411764705882
0 0.013235294117647059 0.4904411764705882 0.020588235294117647 0.04852941176470588
0 0.02892156862745098 0.48455882352941176 0.018627450980392157 0.030882352941176472
0 0.041666666666666664 0.43308823529411766 0.028431372549019607 0.027941176470588237
