0 0.6691176470588235 0.47058823529411764 0.06764705882352941 0.12058823529411765
0 0.8661764705882353 0.6419117647058824 0.10686274509803921 0.10735294117647058
0 0.8921568627450981 0.5727941176470588 0.15490196078431373 0.25735294117647056
0 0.8088235294117647 0.5235294117647059 0.0784313725490196 0.12352941176470589
0 0.5598039215686275 0.5051470588235294 0.09411764705882353 0.11323529411764706
0 0.37549019607843137 0.5955882352941176 0.12156862745098039 0.22058823529411764
0 0.2897058823529412 0.4727941176470588 0.06764705882352941 0.10735294117647058
0 0.278921568627451 0.6507352941176471 0.059803921568627454 0.09264705882352942
0 0.052941176470588235 0.7088235294117647 0.060784313725490195 0.08823529411764706
0 0.5117647058823529 0.4536764705882353 0.22745098039215686 0.40441176470588236
