0 0.8208333333333333 0.2832512315270936 0.025 0.04433497536945813
0 0.8548611111111111 0.18719211822660098 0.02361111111111111 0.03940886699507389
0 0.7569444444444444 0.1834975369458128 0.027777777777777776 0.027093596059113302
0 0.6708333333333333 0.1834975369458128 0.016666666666666666 0.03694581280788178
0 0.6972222222222222 0.45935960591133007 0.1 0.29310344827586204
0 0.7798611111111111 0.41995073891625617 0.02361111111111111 0.0812807881773399
0 0.5930555555555556 0.3805418719211823 0.06388888888888888 0.21428571428571427
0 0.5013888888888889 0.5578817733990148 0.125 0.4852216748768473
0 0.46944444444444444 0.3768472906403941 0.03333333333333333 0.09852216748768473
0 0.42777777777777776 0.3866995073891626 0.07777777777777778 0.19704433497536947
0 0.2916666666666667 0.44950738916256155 0.10555555555555556 0.29310344827586204
0 0.20625 0.5652709359605911 0.10694444444444444 0.5
0 0.14652777777777778 0.46798029556650245 0.0625 0.3251231527093596
0 0.07847222222222222 0.5332512315270936 0.09027777777777778 0.4852216748768473
