0 0.4816666666666667 0.84 0.03333333333333333 0.08333333333333333
0 0.45166666666666666 0.8775 0.02666666666666667 0.09833333333333333
0 0.4075 0.6141666666666666 0.021666666666666667 0.041666666666666664
0 0.5458333333333333 0.5583333333333333 0.015 0.03
0 0.625 0.5416666666666666 0.013333333333333334 0.03333333333333333
0 0.6775 0.5133333333333333 0.011666666666666667 0.023333333333333334
0 0.7333333333333333 0.535 0.016666666666666666 0.02666666666666667
0 0.7116666666666667 0.5325 0.013333333333333334 0.025
0 0.7241666666666666 0.5775 0.015 0.035
0 0.7691666666666667 0.5708333333333333 0.018333333333333333 0.03166666666666667
0 0.8025 0.59 0.018333333333333333 0.04
0 0.9658333333333333 0.555 0.011666666666666667 0.03
0 0.9466666666666667 0.5483333333333333 0.013333333333333334 0.03333333333333333
0 0.8666666666666667 0.5808333333333333 0.01 0.025
0 0.8591666666666666 0.575 0.015 0.03333333333333333
0 0.6391666666666667 0.6758333333333333 0.015 0.055
0 0.36583333333333334 0.5608333333333333 0.015 0.03166666666666667
0 0.335 0.575 0.013333333333333334 0.03333333333333333
0 0.2275 0.5866666666666667 0.018333333333333333 0.03333333333333333
0 0.15916666666666668 0.6525 0.011666666666666667 0.041666666666666664
0 0.08916666666666667 0.6466666666666666 0.008333333333333333 0.04
0 0.13666666666666666 0.5883333333333334 0.01 0.03
0 0.18666666666666668 0.5608333333333333 0.006666666666666667 0.021666666666666667
0 0.10416666666666667 0.5841666666666666 0.011666666666666667 0.025
