0 0.969061876247505 0.401 0.011976047904191617 0.09
0 0.9545908183632734 0.429 0.010978043912175649 0.042
0 0.937125748502994 0.423 0.02594810379241517 0.05
0 0.8667664670658682 0.408 0.016966067864271458 0.1
0 0.8473053892215568 0.462 0.027944111776447105 0.172
0 0.7949101796407185 0.571 0.07085828343313373 0.166
0 0.7130738522954092 0.577 0.08083832335329341 0.19
0 0.7739520958083832 0.428 0.020958083832335328 0.052
0 0.23952095808383234 0.374 0.021956087824351298 0.092
0 0.1936127744510978 0.378 0.029940119760479042 0.124
0 0.061377245508982034 0.414 0.04091816367265469 0.068
0 0.08682634730538923 0.381 0.015968063872255488 0.074
0 0.24750499001996007 0.59 0.09580838323353294 0.244
0 0.12874251497005987 0.595 0.07784431137724551 0.234
