0 0.5573663624511083 0.7010443864229765 0.06910039113428944 0.556135770234987
0 0.470013037809648 0.6684073107049608 0.11864406779661017 0.6318537859007833
0 0.7170795306388527 0.2989556135770235 0.03650586701434159 0.32114882506527415
0 0.7848761408083442 0.2989556135770235 0.05215123859191656 0.31070496083550914
0 0.9276401564537158 0.283289817232376 0.04563233376792699 0.13315926892950392
0 0.8794002607561929 0.25718015665796345 0.04041720990873533 0.13315926892950392
0 0.8663624511082139 0.23759791122715404 0.02216427640156454 0.1618798955613577
0 0.6538461538461539 0.3825065274151436 0.061277705345501955 0.10182767624020887
0 0.6636245110821382 0.3681462140992167 0.041720990873533245 0.11488250652741515
0 0.18513689700130379 0.35509138381201044 0.03650586701434159 0.10443864229765012
0 0.0788787483702738 0.2597911227154047 0.035202086049543675 0.044386422976501305
0 0.05215123859191656 0.1866840731070496 0.005215123859191656 0.028720626631853787
0 0.04106910039113429 0.18798955613577023 0.00651890482398957 0.020887728459530026
0 0.03389830508474576 0.18929503916449086 0.005215123859191656 0.018276762402088774
0 0.1636245110821382 0.23759791122715404 0.00651890482398957 0.04177545691906005
0 0.15384615384615385 0.2402088772845953 0.005215123859191656 0.02610966057441253
0 0.13885267275097785 0.23237597911227154 0.011734028683181226 0.03655352480417755
0 0.2803129074315515 0.19321148825065274 0.007822685788787484 0.03655352480417755
0 0.2666232073011734 0.2362924281984334 0.014341590612777053 0.1227154046997389
0 0.3050847457627119 0.2584856396866841 0.020860495436766623 0.13054830287206268
0 0.5136897001303781 0.24281984334203655 0.018252933507170794 0.13054830287206268
0 0.4641460234680574 0.2454308093994778 0.03389830508474576 0.12010443864229765
0 0.4178617992177314 0.21018276762402088 0.01955671447196871 0.07049608355091384
0 0.4335071707953064 0.22193211488250653 0.014341590612777053 0.0731070496083551
0 0.8624511082138201 0.5626631853785901 0.25684485006518903 0.09660574412532637
0 0.9915254237288136 0.35900783289817234 0.014341590612777053 0.26370757180156656
0 0.9758800521512386 0.19843342036553524 0.024771838331160364 0.17754569190600522
0 0.575619295958279 0.293733681462141 0.04563233376792699 0.07049608355091384
0 0.5827900912646675 0.21801566579634465 0.018252933507170794 0.13315926892950392
0 0.5430247718383312 0.21801566579634465 0.01955671447196871 0.10704960835509138
0 0.34876140808344197 0.21801566579634465 0.01694915254237288 0.07571801566579635
