0 0.7401041666666667 0.5262745098039215 0.09166666666666666 0.312156862745098
0 0.61796875 0.547843137254902 0.05677083333333333 0.11686274509803922
0 0.6114583333333333 0.46627450980392154 0.0375 0.10588235294117647
0 0.5161458333333333 0.49137254901960786 0.030208333333333334 0.11215686274509803
0 0.25755208333333335 0.5223529411764706 0.044270833333333336 0.08941176470588236
0 0.9604166666666667 0.48470588235294115 0.06145833333333333 0.05803921568627451
0 0.9533854166666667 0.4231372549019608 0.024479166666666666 0.04784313725490196
0 0.7916666666666666 0.4403921568627451 0.013541666666666667 0.09019607843137255
0 0.7760416666666666 0.4231372549019608 0.010416666666666666 0.050980392156862744
0 0.678125 0.4647058823529412 0.022916666666666665 0.04941176470588235
0 0.6666666666666666 0.4568627450980392 0.014583333333333334 0.04784313725490196
0 0.65390625 0.43254901960784314 0.0067708333333333336 0.03215686274509804
0 0.36484375 0.4356862745098039 0.0078125 0.013333333333333334
0 0.30442708333333335 0.44823529411764707 0.009895833333333333 0.013333333333333334
0 0.26223958333333336 0.44745098039215686 0.011979166666666667 0.013333333333333334
0 0.24375 0.45294117647058824 0.01875 0.027450980392156862
0 0.22265625 0.4549019607843137 0.015104166666666667 0.02980392156862745
0 0.0890625 0.42823529411764705 0.00625 0.018823529411764704
0 0.07890625 0.43137254901960786 0.0067708333333333336 0.009411764705882352
0 0.06666666666666667 0.43176470588235294 0.005208333333333333 0.011764705882352941
0 0.11901041666666666 0.62 0.0609375 0.156078431372549
0 0.85078125 0.4623529411764706 0.0203125 0.03058823529411765
0 0.7052083333333333 0.4392156862745098 0.0125 0.04862745098039216
