0 0.9033333333333333 0.7450980392156863 0.05 0.14215686274509803
0 0.8458333333333333 0.741421568627451 0.055 0.15441176470588236
0 0.6425 0.7340686274509803 0.03166666666666667 0.125
0 0.6033333333333334 0.7365196078431373 0.03333333333333333 0.10049019607843138
0 0.5258333333333334 0.7401960784313726 0.03833333333333333 0.17647058823529413
0 0.48583333333333334 0.7303921568627451 0.035 0.14705882352941177
0 0.45166666666666666 0.7291666666666666 0.04 0.13970588235294118
0 0.415 0.7389705882352942 0.043333333333333335 0.15441176470588236
0 0.3458333333333333 0.7352941176470589 0.041666666666666664 0.11764705882352941
0 0.295 0.7671568627450981 0.04 0.11764705882352941
0 0.19916666666666666 0.741421568627451 0.041666666666666664 0.14460784313725492
