0 0.64 0.7328431372549019 0.03333333333333333 0.12745098039215685
0 0.6041666666666666 0.7389705882352942 0.03166666666666667 0.10049019607843138
0 0.8491666666666666 0.7426470588235294 0.055 0.1568627450980392
0 0.905 0.7450980392156863 0.05333333333333334 0.14705882352941177
0 0.5241666666666667 0.7340686274509803 0.03833333333333333 0.1642156862745098
0 0.4841666666666667 0.7365196078431373 0.041666666666666664 0.14950980392156862
0 0.4525 0.7254901960784313 0.041666666666666664 0.1323529411764706
0 0.41583333333333333 0.7352941176470589 0.03833333333333333 0.14215686274509803
0 0.3458333333333333 0.7340686274509803 0.041666666666666664 0.11519607843137254
0 0.295 0.758578431372549 0.04 0.09558823529411764
0 0.19916666666666666 0.7389705882352942 0.041666666666666664 0.13970588235294118
