0 0.47109375 0.551094890510949 0.0640625 0.35766423357664234
0 0.575 0.5273722627737226 0.046875 0.14963503649635038
0 0.8859375 0.6478102189781022 0.025 0.24452554744525548
0 0.84921875 0.5602189781021898 0.0265625 0.08394160583941605
0 0.76953125 0.5328467153284672 0.0140625 0.10948905109489052
0 0.79609375 0.5401459854014599 0.0390625 0.10948905109489052
0 0.7234375 0.5967153284671532 0.034375 0.20802919708029197
0 0.690625 0.5802919708029197 0.053125 0.24087591240875914
0 0.65078125 0.45072992700729925 0.0171875 0.05474452554744526
0 0.340625 0.4051094890510949 0.01875 0.1386861313868613
0 0.41875 0.4726277372262774 0.021875 0.08394160583941605
0 0.42109375 0.4032846715328467 0.0171875 0.10583941605839416
0 0.38203125 0.38503649635036497 0.0140625 0.06204379562043796
0 0.26328125 0.41605839416058393 0.0234375 0.1897810218978102
0 0.18203125 0.48905109489051096 0.0484375 0.3795620437956204
0 0.1515625 0.46715328467153283 0.025 0.08759124087591241
0 0.10234375 0.42700729927007297 0.0296875 0.26277372262773724
0 0.04296875 0.4233576642335766 0.0296875 0.23357664233576642
