0 0.654 0.4180887372013652 0.028 0.07167235494880546
0 0.883 0.3378839590443686 0.022 0.08873720136518772
0 0.854 0.3515358361774744 0.024 0.08191126279863481
0 0.84 0.3395904436860068 0.016 0.07167235494880546
0 0.824 0.3412969283276451 0.016 0.06143344709897611
0 0.922 0.5085324232081911 0.048 0.22525597269624573
0 0.544 0.3703071672354949 0.02 0.07849829351535836
0 0.37 0.42662116040955633 0.036 0.10238907849829351
0 0.268 0.3532423208191126 0.036 0.05802047781569966
0 0.15 0.4948805460750853 0.032 0.12286689419795221
0 0.095 0.5136518771331058 0.03 0.07849829351535836
0 0.058 0.5034129692832765 0.024 0.09897610921501707
0 0.721 0.42150170648464164 0.066 0.08532423208191127
0 0.773 0.4112627986348123 0.062 0.07849829351535836
