0 0.5035971223021583 0.6795580110497238 0.10071942446043165 0.47513812154696133
0 0.6348920863309353 0.4861878453038674 0.046762589928057555 0.22099447513812154
0 0.5809352517985612 0.5193370165745856 0.0539568345323741 0.2541436464088398
0 0.39568345323741005 0.5138121546961326 0.09352517985611511 0.2983425414364641
0 0.21223021582733814 0.574585635359116 0.12949640287769784 0.39779005524861877
0 0.9838129496402878 0.47790055248618785 0.025179856115107913 0.19337016574585636
0 0.9406474820143885 0.46685082872928174 0.03237410071942446 0.1270718232044199
0 0.9064748201438849 0.4530386740331492 0.02877697841726619 0.11049723756906077
0 0.8381294964028777 0.48342541436464087 0.050359712230215826 0.20441988950276244
0 0.7913669064748201 0.45027624309392267 0.050359712230215826 0.10497237569060773
