0 0.5859375 0.7941860465116279 0.028125 0.1
0 0.53671875 0.7406976744186047 0.0296875 0.12325581395348838
0 0.5140625 0.7930232558139535 0.034375 0.13953488372093023
0 0.4734375 0.8174418604651162 0.040625 0.1697674418604651
0 0.409375 0.8976744186046511 0.040625 0.15348837209302327
0 0.3828125 0.8465116279069768 0.05 0.14883720930232558
0 0.33359375 0.9151162790697674 0.0390625 0.12325581395348838
0 0.94375 0.8174418604651162 0.0375 0.12790697674418605
0 0.934375 0.7825581395348837 0.040625 0.1372093023255814
0 0.70859375 0.5697674418604651 0.0234375 0.08372093023255814
0 0.89765625 0.4069767441860465 0.0171875 0.06046511627906977
0 0.91875 0.37906976744186044 0.015625 0.05116279069767442
0 0.884375 0.413953488372093 0.015625 0.06046511627906977
0 0.6046875 0.522093023255814 0.025 0.07209302325581396
0 0.63125 0.5255813953488372 0.028125 0.06511627906976744
0 0.61796875 0.4627906976744186 0.0203125 0.07441860465116279
0 0.7578125 0.42209302325581394 0.021875 0.06744186046511629
0 0.60546875 0.3825581395348837 0.0109375 0.05813953488372093
0 0.53203125 0.35232558139534886 0.0140625 0.05813953488372093
0 0.5203125 0.35348837209302325 0.0125 0.05116279069767442
0 0.4796875 0.5058139534883721 0.015625 0.08139534883720931
0 0.459375 0.5023255813953489 0.015625 0.07906976744186046
0 0.44140625 0.3569767441860465 0.0109375 0.053488372093023255
0 0.42890625 0.35348837209302325 0.0109375 0.05581395348837209
0 0.415625 0.46395348837209305 0.021875 0.06744186046511629
0 0.3921875 0.4744186046511628 0.021875 0.05581395348837209
0 0.37890625 0.6174418604651163 0.0484375 0.04883720930232558
0 0.36640625 0.6116279069767442 0.0546875 0.04186046511627907
0 0.28984375 0.5348837209302325 0.0234375 0.08372093023255814
0 0.30625 0.47674418604651164 0.015625 0.06976744186046512
0 0.32265625 0.49767441860465117 0.0171875 0.037209302325581395
0 0.27265625 0.5058139534883721 0.0140625 0.07674418604651163
0 0.27734375 0.48255813953488375 0.0171875 0.06279069767441861
0 0.26328125 0.4790697674418605 0.0140625 0.06976744186046512
0 0.30859375 0.35232558139534886 0.0140625 0.05813953488372093
0 0.29609375 0.3511627906976744 0.0109375 0.05116279069767442
0 0.28515625 0.37093023255813956 0.0140625 0.06279069767441861
0 0.234375 0.44069767441860463 0.015625 0.044186046511627906
0 0.20625 0.363953488372093 0.015625 0.05813953488372093
0 0.21953125 0.3581395348837209 0.0140625 0.05116279069767442
0 0.26015625 0.336046511627907 0.0140625 0.02558139534883721
0 0.24140625 0.5883720930232558 0.0296875 0.06046511627906977
0 0.20859375 0.5651162790697675 0.0203125 0.08837209302325581
0 0.20859375 0.48604651162790696 0.0203125 0.046511627906976744
0 0.1875 0.44302325581395346 0.01875 0.06744186046511629
0 0.15078125 0.3767441860465116 0.0171875 0.06046511627906977
0 0.1640625 0.3186046511627907 0.0125 0.046511627906976744
0 0.12890625 0.3209302325581395 0.0140625 0.05116279069767442
0 0.15 0.48604651162790696 0.01875 0.05581395348837209
0 0.14609375 0.44069767441860463 0.0234375 0.07209302325581396
0 0.09140625 0.47325581395348837 0.0234375 0.07674418604651163
0 0.06015625 0.47093023255813954 0.0234375 0.06744186046511629
0 0.08515625 0.6813953488372093 0.0328125 0.046511627906976744
0 0.09296875 0.7906976744186046 0.0953125 0.046511627906976744
0 0.0375 0.5372093023255814 0.0625 0.03255813953488372
0 0.03203125 0.5337209302325582 0.0578125 0.03953488372093023
0 0.27578125 0.2116279069767442 0.0078125 0.027906976744186046
0 0.234375 0.2069767441860465 0.00625 0.027906976744186046
0 0.209375 0.2116279069767442 0.00625 0.027906976744186046
0 0.18984375 0.20813953488372092 0.0046875 0.02558139534883721
0 0.18203125 0.21395348837209302 0.0046875 0.023255813953488372
0 0.15234375 0.23604651162790696 0.0140625 0.03488372093023256
0 0.0484375 0.25813953488372093 0.009375 0.05116279069767442
0 0.05703125 0.313953488372093 0.0109375 0.04186046511627907
0 0.04453125 0.3383720930232558 0.0078125 0.02558139534883721
