0 0.8755 0.5397301349325337 0.029 0.18590704647676162
0 0.855 0.5292353823088456 0.026 0.11394302848575712
0 0.6915 0.525487256371814 0.029 0.11244377811094453
0 0.6185 0.5562218890554723 0.067 0.2638680659670165
0 0.5625 0.568215892053973 0.045 0.1619190404797601
0 0.4365 0.6469265367316341 0.079 0.12443778110944528
0 0.4375 0.5697151424287856 0.031 0.09295352323838081
0 0.352 0.6221889055472264 0.022 0.09895052473763119
0 0.327 0.6776611694152923 0.096 0.24287856071964017
0 0.3225 0.5547226386806596 0.045 0.15892053973013492
0 0.2335 0.6979010494752623 0.091 0.20239880059970014
0 0.399 0.46926536731634183 0.018 0.026986506746626688
0 0.502 0.46926536731634183 0.02 0.0239880059970015
0 0.2385 0.48050974512743627 0.021 0.019490254872563718
0 0.257 0.41829085457271364 0.016 0.020989505247376312
0 0.2245 0.41379310344827586 0.011 0.017991004497751123
0 0.1975 0.42128935532233885 0.013 0.020989505247376312
0 0.736 0.5427286356821589 0.1 0.46476761619190404
