0 0.7454545454545455 0.4914965986394558 0.06363636363636363 0.13945578231292516
0 0.9590909090909091 0.7074829931972789 0.04090909090909091 0.12244897959183673
0 0.9227272727272727 0.6649659863945578 0.06363636363636363 0.20068027210884354
0 0.6454545454545455 0.47619047619047616 0.031818181818181815 0.10884353741496598
0 0.5738636363636364 0.5289115646258503 0.03409090909090909 0.0782312925170068
0 0.5420454545454545 0.4965986394557823 0.038636363636363635 0.047619047619047616
0 0.5193181818181818 0.45918367346938777 0.029545454545454545 0.10884353741496598
0 0.4863636363636364 0.4421768707482993 0.04090909090909091 0.11564625850340136
0 0.43863636363636366 0.4880952380952381 0.045454545454545456 0.04421768707482993
0 0.3715909090909091 0.4608843537414966 0.03409090909090909 0.09863945578231292
0 0.3375 0.5272108843537415 0.03409090909090909 0.14965986394557823
0 0.1943181818181818 0.3707482993197279 0.029545454545454545 0.09523809523809523
0 0.17045454545454544 0.3656462585034014 0.02727272727272727 0.11224489795918367
0 0.05227272727272727 0.7431972789115646 0.05909090909090909 0.21428571428571427
