0 0.5596875 0.5555555555555556 0.031875 0.19333333333333333
0 0.7140625 0.6366666666666667 0.021875 0.09111111111111111
0 0.6859375 0.6388888888888888 0.021875 0.08888888888888889
0 0.351875 0.6638888888888889 0.0125 0.05444444444444444
0 0.2825 0.6722222222222223 0.01125 0.03777777777777778
0 0.101875 0.6938888888888889 0.015 0.03666666666666667
0 0.0784375 0.6972222222222222 0.019375 0.04111111111111111
0 0.845625 0.5538888888888889 0.01375 0.07
0 0.791875 0.575 0.01625 0.07
0 0.8253125 0.55 0.016875 0.06222222222222222
0 0.52125 0.5688888888888889 0.0175 0.03777777777777778
