0 0.965 0.4275 0.055 0.165
0 0.9171875 0.4359375 0.059375 0.146875
0 0.8690625 0.601875 0.098125 0.3
0 0.3965625 0.7625 0.186875 0.405
0 0.7625 0.30875 0.03 0.08375
0 0.65625 0.3053125 0.0325 0.069375
0 0.613125 0.306875 0.03375 0.0675
0 0.613125 0.475 0.05125 0.14875
0 0.5003125 0.4503125 0.061875 0.190625
0 0.7140625 0.4628125 0.089375 0.180625
0 0.6621875 0.4465625 0.053125 0.175625
0 0.88875 0.323125 0.0275 0.03375
0 0.8803125 0.3059375 0.015625 0.049375
0 0.95625 0.2315625 0.01375 0.036875
0 0.9603125 0.2221875 0.011875 0.039375
0 0.9275 0.2334375 0.0175 0.040625
0 0.9059375 0.2246875 0.015625 0.040625
0 0.888125 0.23625 0.015 0.04125
0 0.8465625 0.249375 0.018125 0.05125
0 0.6025 0.2503125 0.0125 0.029375
0 0.5796875 0.2425 0.014375 0.03625
0 0.564375 0.241875 0.01875 0.04125
0 0.518125 0.2396875 0.0125 0.039375
0 0.4665625 0.235625 0.014375 0.01625
0 0.4184375 0.2575 0.011875 0.03875
0 0.300625 0.245625 0.02625 0.03375
0 0.2803125 0.22 0.009375 0.025
0 0.245625 0.2221875 0.00875 0.024375
0 0.03125 0.2478125 0.0175 0.036875
0 0.40375 0.23125 0.0125 0.0375
0 0.488125 0.2209375 0.01375 0.034375
0 0.5446875 0.2278125 0.013125 0.028125
0 0.5328125 0.218125 0.010625 0.035
0 0.6915625 0.2225 0.009375 0.02625
0 0.7053125 0.213125 0.009375 0.0325
0 0.6265625 0.2259375 0.011875 0.036875
0 0.445 0.2321875 0.01125 0.039375
0 0.430625 0.2353125 0.01375 0.039375
0 0.1915625 0.2128125 0.011875 0.030625
0 0.13375 0.2059375 0.01375 0.025625
0 0.110625 0.210625 0.01 0.0225
