0 0.44114583333333335 0.5175925925925926 0.07708333333333334 0.0962962962962963
0 0.6166666666666667 0.5152777777777777 0.026041666666666668 0.062037037037037036
0 0.6263020833333334 0.4634259259259259 0.0078125 0.032407407407407406
0 0.5916666666666667 0.45694444444444443 0.007291666666666667 0.05462962962962963
0 0.6010416666666667 0.46574074074074073 0.008333333333333333 0.03518518518518519
0 0.66640625 0.47685185185185186 0.008854166666666666 0.03518518518518519
0 0.6619791666666667 0.4703703703703704 0.009375 0.03888888888888889
0 0.778125 0.47638888888888886 0.007291666666666667 0.012037037037037037
0 0.7692708333333333 0.47314814814814815 0.005208333333333333 0.012962962962962963
0 0.74921875 0.47453703703703703 0.0078125 0.013888888888888888
0 0.7143229166666667 0.4722222222222222 0.0067708333333333336 0.018518518518518517
0 0.6776041666666667 0.4652777777777778 0.005208333333333333 0.026851851851851852
0 0.1375 0.6578703703703703 0.19270833333333334 0.3287037037037037
0 0.053385416666666664 0.5337962962962963 0.10260416666666666 0.2175925925925926
0 0.15755208333333334 0.43148148148148147 0.0234375 0.05185185185185185
0 0.3533854166666667 0.4305555555555556 0.016145833333333335 0.07407407407407407
0 0.39791666666666664 0.449537037037037 0.027083333333333334 0.04351851851851852
