0 0.92109375 0.7447058823529412 0.0171875 0.04470588235294118
0 0.89453125 0.8258823529411765 0.0140625 0.042352941176470586
0 0.8671875 0.7282352941176471 0.015625 0.04
0 0.27265625 0.8670588235294118 0.0171875 0.058823529411764705
0 0.25703125 0.8670588235294118 0.0140625 0.04470588235294118
0 0.01953125 0.8541176470588235 0.0171875 0.05176470588235294
0 0.12265625 0.84 0.0171875 0.042352941176470586
0 0.39140625 0.8 0.0109375 0.03294117647058824
0 0.48671875 0.7929411764705883 0.0109375 0.042352941176470586
0 0.45 0.8023529411764706 0.015625 0.03294117647058824
0 0.1734375 0.831764705882353 0.0125 0.02588235294117647
0 0.14921875 0.8258823529411765 0.0140625 0.03294117647058824
0 0.2125 0.8341176470588235 0.00625 0.03529411764705882
0 0.234375 0.8341176470588235 0.003125 0.03058823529411765
0 0.2265625 0.831764705882353 0.003125 0.03058823529411765
0 0.246875 0.8247058823529412 0.0125 0.04470588235294118
0 0.38515625 0.8729411764705882 0.0234375 0.03764705882352941
0 0.14921875 0.9176470588235294 0.0203125 0.03764705882352941
0 0.13203125 0.9188235294117647 0.0203125 0.03058823529411765
0 0.11484375 0.9152941176470588 0.0171875 0.03294117647058824
0 0.2984375 0.9258823529411765 0.053125 0.04
0 0.6140625 0.8635294117647059 0.04375 0.02823529411764706
