0 0.989430894308943 0.36797066014669927 0.014634146341463415 0.04645476772616137
0 0.989430894308943 0.29584352078239606 0.011382113821138212 0.05378973105134474
0 0.9764227642276423 0.30073349633251834 0.011382113821138212 0.0488997555012225
0 0.9634146341463414 0.2982885085574572 0.01788617886178862 0.05867970660146699
0 0.8032520325203252 0.21515892420537897 0.013008130081300813 0.044009779951100246
0 0.751219512195122 0.3154034229828851 0.01951219512195122 0.06356968215158924
0 0.7032520325203252 0.32273838630806845 0.01788617886178862 0.06356968215158924
0 0.8577235772357723 0.3960880195599022 0.01788617886178862 0.07823960880195599
0 0.843089430894309 0.4083129584352078 0.02113821138211382 0.07334963325183375
0 0.7715447154471544 0.49144254278728605 0.02113821138211382 0.09290953545232274
0 0.8073170731707318 0.5073349633251834 0.04065040650406504 0.04645476772616137
0 0.7195121951219512 0.5501222493887531 0.030894308943089432 0.09290953545232274
0 0.6699186991869919 0.5501222493887531 0.022764227642276424 0.08801955990220049
0 0.6739837398373983 0.44376528117359415 0.027642276422764227 0.09046454767726161
0 0.5878048780487805 0.460880195599022 0.011382113821138212 0.03667481662591687
0 0.6130081300813008 0.5268948655256723 0.026016260162601626 0.1100244498777506
0 0.5634146341463414 0.5342298288508558 0.027642276422764227 0.10024449877750612
0 0.6170731707317073 0.6735941320293398 0.03739837398373984 0.06601466992665037
0 0.6552845528455284 0.6515892420537898 0.02926829268292683 0.04645476772616137
0 0.6032520325203252 0.7506112469437652 0.04878048780487805 0.06356968215158924
0 0.5634146341463414 0.6662591687041565 0.02113821138211382 0.1100244498777506
0 0.5455284552845528 0.6723716381418093 0.027642276422764227 0.09290953545232274
0 0.8772357723577235 0.8801955990220048 0.14796747967479676 0.20048899755501223
0 0.9252032520325203 0.687041564792176 0.11707317073170732 0.6161369193154034
0 0.4975609756097561 0.5342298288508558 0.032520325203252036 0.07090464547677261
0 0.408130081300813 0.5476772616136919 0.022764227642276424 0.097799511002445
0 0.34227642276422765 0.5488997555012225 0.03414634146341464 0.09046454767726161
0 0.3178861788617886 0.5562347188264058 0.027642276422764227 0.061124694376528114
0 0.15203252032520326 0.5880195599022005 0.030894308943089432 0.1100244498777506
0 0.37317073170731707 0.34474327628361856 0.01788617886178862 0.05867970660146699
0 0.3617886178861789 0.3422982885085575 0.01788617886178862 0.06356968215158924
0 0.23495934959349593 0.49511002444987773 0.024390243902439025 0.06601466992665037
0 0.24471544715447155 0.45232273838630804 0.02113821138211382 0.08312958435207823
0 0.0951219512195122 0.4229828850855746 0.024390243902439025 0.07334963325183375
0 0.05203252032520325 0.4315403422982885 0.016260162601626018 0.07090464547677261
0 0.00894308943089431 0.45965770171149145 0.014634146341463415 0.07334963325183375
0 0.1821138211382114 0.25794621026894865 0.016260162601626018 0.061124694376528114
0 0.5821138211382114 0.4070904645476773 0.013008130081300813 0.04645476772616137
0 0.5642276422764227 0.37897310513447435 0.01951219512195122 0.05867970660146699
0 0.5373983739837398 0.38386308068459657 0.02113821138211382 0.07334963325183375
0 0.6861788617886179 0.2726161369193154 0.01951219512195122 0.05623471882640587
0 0.6707317073170732 0.27383863080684595 0.014634146341463415 0.05378973105134474
0 0.6552845528455284 0.22860635696821516 0.016260162601626018 0.05134474327628362
0 0.07154471544715447 0.2591687041564792 0.016260162601626018 0.05378973105134474
0 0.023577235772357725 0.3080684596577017 0.014634146341463415 0.06356968215158924
0 0.007317073170731708 0.3056234718826406 0.011382113821138212 0.06356968215158924
0 0.6439024390243903 0.13447432762836187 0.026016260162601626 0.044009779951100246
0 0.23333333333333334 0.1136919315403423 0.01788617886178862 0.03667481662591687
0 0.5170731707317073 0.784841075794621 0.1983739837398374 0.41075794621026895
0 0.348780487804878 0.7469437652811736 0.027642276422764227 0.08557457212713937
0 0.2991869918699187 0.7102689486552567 0.04227642276422764 0.1100244498777506
0 0.2780487804878049 0.5464547677261614 0.026016260162601626 0.09046454767726161
0 0.2552845528455285 0.578239608801956 0.026016260162601626 0.07579462102689487
0 0.01707317073170732 0.8264058679706602 0.030894308943089432 0.07823960880195599
0 0.26504065040650404 0.7677261613691931 0.208130081300813 0.3960880195599022
