0 0.23416666666666666 0.60875 0.13833333333333334 0.0475
0 0.41083333333333333 0.589375 0.16 0.07375
0 0.9770833333333333 0.561875 0.019166666666666665 0.07125
0 0.9375 0.5725 0.016666666666666666 0.0675
0 0.8183333333333334 0.62125 0.02666666666666667 0.0775
0 0.8983333333333333 0.639375 0.02666666666666667 0.04625
0 0.9870833333333333 0.655625 0.024166666666666666 0.19375
0 0.8783333333333333 0.53375 0.005 0.0325
0 0.8733333333333333 0.538125 0.005 0.02875
0 0.8608333333333333 0.53625 0.006666666666666667 0.0275
0 0.84375 0.53625 0.0125 0.0375
0 0.7966666666666666 0.526875 0.011666666666666667 0.03125
0 0.6541666666666667 0.59875 0.04833333333333333 0.0775
0 0.5954166666666667 0.595625 0.050833333333333335 0.09625
0 0.46208333333333335 0.516875 0.0225 0.03125
0 0.47041666666666665 0.518125 0.020833333333333332 0.02875
0 0.44166666666666665 0.546875 0.028333333333333332 0.04625
0 0.15208333333333332 0.474375 0.16916666666666666 0.79625
0 0.8 0.68125 0.13833333333333334 0.0875
0 0.34958333333333336 0.545625 0.05583333333333333 0.06375
0 0.3075 0.549375 0.03166666666666667 0.03375
0 0.5579166666666666 0.5325 0.034166666666666665 0.06
0 0.5733333333333334 0.543125 0.02666666666666667 0.04375
