0 0.6196666666666667 0.613 0.07933333333333334 0.229
0 0.459 0.51275 0.051333333333333335 0.1065
0 0.4723333333333333 0.54975 0.08866666666666667 0.1935
0 0.4865 0.6285 0.109 0.314
0 0.2708333333333333 0.5025 0.010333333333333333 0.09
0 0.26966666666666667 0.6035 0.10666666666666667 0.294
0 0.17733333333333334 0.59475 0.03866666666666667 0.1195
0 0.2015 0.552 0.019666666666666666 0.06
0 0.0475 0.58725 0.08366666666666667 0.1725
0 0.038 0.64625 0.022 0.3035
0 0.7941666666666667 0.573 0.049 0.199
0 0.873 0.54525 0.044 0.1555
0 0.8511666666666666 0.5875 0.08166666666666667 0.3
