0 0.6266666666666667 0.46944444444444444 0.011666666666666667 0.03666666666666667
0 0.5829166666666666 0.47055555555555556 0.014166666666666666 0.034444444444444444
0 0.5758333333333333 0.4638888888888889 0.011666666666666667 0.034444444444444444
0 0.5416666666666666 0.4861111111111111 0.011666666666666667 0.043333333333333335
0 0.5308333333333334 0.47833333333333333 0.01 0.023333333333333334
0 0.5295833333333333 0.5038888888888889 0.0125 0.04777777777777778
0 0.5145833333333333 0.5011111111111111 0.014166666666666666 0.04666666666666667
0 0.5025 0.46055555555555555 0.008333333333333333 0.03
0 0.45708333333333334 0.5083333333333333 0.0175 0.056666666666666664
0 0.38083333333333336 0.48444444444444446 0.013333333333333334 0.042222222222222223
0 0.36916666666666664 0.4811111111111111 0.011666666666666667 0.044444444444444446
0 0.34 0.4822222222222222 0.013333333333333334 0.04
0 0.3258333333333333 0.47888888888888886 0.013333333333333334 0.04666666666666667
0 0.3958333333333333 0.6077777777777778 0.041666666666666664 0.044444444444444446
0 0.36041666666666666 0.6066666666666667 0.034166666666666665 0.06444444444444444
0 0.3020833333333333 0.5416666666666666 0.019166666666666665 0.034444444444444444
0 0.43041666666666667 0.8083333333333333 0.060833333333333336 0.10555555555555556
0 0.36541666666666667 0.8133333333333334 0.0525 0.09777777777777778
0 0.3308333333333333 0.8177777777777778 0.051666666666666666 0.09333333333333334
0 0.66375 0.7555555555555555 0.030833333333333334 0.12222222222222222
0 0.6154166666666666 0.7761111111111111 0.0425 0.07888888888888888
0 0.5683333333333334 0.7355555555555555 0.028333333333333332 0.18444444444444444
0 0.9 0.6388888888888888 0.018333333333333333 0.09333333333333334
0 0.8616666666666667 0.62 0.021666666666666667 0.07777777777777778
0 0.8416666666666667 0.6155555555555555 0.025 0.08666666666666667
0 0.7783333333333333 0.6211111111111111 0.016666666666666666 0.08888888888888889
0 0.7433333333333333 0.6622222222222223 0.03 0.1
0 0.69625 0.6583333333333333 0.029166666666666667 0.09666666666666666
0 0.6858333333333333 0.6044444444444445 0.02 0.035555555555555556
0 0.6695833333333333 0.5716666666666667 0.015833333333333335 0.052222222222222225
0 0.6433333333333333 0.59 0.02666666666666667 0.03111111111111111
0 0.6045833333333334 0.585 0.0225 0.07
0 0.5904166666666667 0.5655555555555556 0.0225 0.057777777777777775
0 0.57625 0.5488888888888889 0.015833333333333335 0.05555555555555555
0 0.5608333333333333 0.5272222222222223 0.01 0.05
0 0.5508333333333333 0.5411111111111111 0.016666666666666666 0.04666666666666667
0 0.5708333333333333 0.6072222222222222 0.021666666666666667 0.08777777777777777
0 0.5529166666666666 0.5838888888888889 0.0175 0.07444444444444444
0 0.5383333333333333 0.6038888888888889 0.021666666666666667 0.07222222222222222
0 0.52625 0.5783333333333334 0.020833333333333332 0.06333333333333334
0 0.5054166666666666 0.6533333333333333 0.07916666666666666 0.042222222222222223
0 0.4791666666666667 0.6616666666666666 0.085 0.03666666666666667
0 0.8708333333333333 0.7727777777777778 0.056666666666666664 0.0811111111111111
0 0.8116666666666666 0.7911111111111111 0.05333333333333334 0.08
0 0.7241666666666666 0.7777777777777778 0.058333333333333334 0.06666666666666667
0 0.20458333333333334 0.7555555555555555 0.1425 0.042222222222222223
0 0.04791666666666667 0.7555555555555555 0.0925 0.044444444444444446
0 0.11958333333333333 0.6322222222222222 0.049166666666666664 0.06222222222222222
0 0.11291666666666667 0.6411111111111111 0.034166666666666665 0.042222222222222223
0 0.2 0.5294444444444445 0.04666666666666667 0.014444444444444444
0 0.05 0.6083333333333333 0.055 0.056666666666666664
0 0.03166666666666667 0.5961111111111111 0.03666666666666667 0.03666666666666667
0 0.9679166666666666 0.9483333333333334 0.034166666666666665 0.08555555555555555
0 0.9829166666666667 0.9394444444444444 0.0325 0.06777777777777778
