0 0.6558333333333334 0.47712933753943215 0.04833333333333333 0.2444794952681388
0 0.21416666666666667 0.4116719242902208 0.02 0.1167192429022082
0 0.20083333333333334 0.3714511041009464 0.01 0.08675078864353312
0 0.18666666666666668 0.3722397476340694 0.018333333333333333 0.07886435331230283
0 0.165 0.4022082018927445 0.021666666666666667 0.12618296529968454
0 0.14958333333333335 0.4077287066246057 0.019166666666666665 0.1277602523659306
0 0.12541666666666668 0.3998422712933754 0.0125 0.09305993690851735
0 0.115 0.40063091482649843 0.02 0.10725552050473186
0 0.06916666666666667 0.37066246056782337 0.018333333333333333 0.08832807570977919
0 0.014166666666666666 0.3548895899053628 0.015 0.08201892744479496
0 0.3908333333333333 0.38091482649842273 0.011666666666666667 0.04889589905362776
0 0.37833333333333335 0.3659305993690852 0.006666666666666667 0.0473186119873817
0 0.36791666666666667 0.35962145110410093 0.005833333333333334 0.04416403785488959
0 0.4241666666666667 0.3635646687697161 0.01 0.04258675078864353
0 0.5633333333333334 0.3430599369085173 0.006666666666666667 0.03627760252365931
0 0.5329166666666667 0.34069400630914826 0.014166666666666666 0.04416403785488959
0 0.5983333333333334 0.3383280757097792 0.006666666666666667 0.03627760252365931
0 0.58875 0.33990536277602523 0.0075 0.03943217665615142
