0 0.51 0.4125 0.12666666666666668 0.125
0 0.6308333333333334 0.7944444444444444 0.24166666666666667 0.2722222222222222
0 0.7033333333333334 0.41388888888888886 0.016666666666666666 0.07777777777777778
0 0.8291666666666667 0.425 0.021666666666666667 0.09444444444444444
0 0.7875 0.4388888888888889 0.025 0.10555555555555556
0 0.7766666666666666 0.5152777777777777 0.06666666666666667 0.058333333333333334
0 0.25666666666666665 0.3541666666666667 0.07333333333333333 0.18611111111111112
0 0.24916666666666668 0.25972222222222224 0.08833333333333333 0.13055555555555556
0 0.2025 0.22777777777777777 0.028333333333333332 0.05555555555555555
0 0.21166666666666667 0.2847222222222222 0.09333333333333334 0.11944444444444445
0 0.18583333333333332 0.21388888888888888 0.03166666666666667 0.06666666666666667
0 0.18083333333333335 0.17777777777777778 0.015 0.08888888888888889
0 0.165 0.18055555555555555 0.01 0.10555555555555556
0 0.15083333333333335 0.20416666666666666 0.015 0.05277777777777778
0 0.13833333333333334 0.17083333333333334 0.01 0.09166666666666666
0 0.13 0.16666666666666666 0.016666666666666666 0.1
0 0.09166666666666666 0.1597222222222222 0.016666666666666666 0.11388888888888889
0 0.07333333333333333 0.16527777777777777 0.016666666666666666 0.10277777777777777
0 0.05416666666666667 0.16805555555555557 0.018333333333333333 0.09722222222222222
0 0.014166666666666666 0.18194444444444444 0.018333333333333333 0.08611111111111111
0 0.4191666666666667 0.7208333333333333 0.20833333333333334 0.425
0 0.3258333333333333 0.6138888888888889 0.105 0.26666666666666666
0 0.1475 0.7111111111111111 0.2916666666666667 0.5166666666666667
0 0.05416666666666667 0.6069444444444444 0.105 0.3416666666666667
0 0.465 0.24444444444444444 0.01 0.03333333333333333
0 0.3616666666666667 0.22361111111111112 0.006666666666666667 0.030555555555555555
