0 0.6588541666666666 0.3897783251231527 0.014583333333333334 0.06280788177339902
0 0.6765625 0.39901477832512317 0.019791666666666666 0.05665024630541872
0 0.6979166666666666 0.38608374384236455 0.019791666666666666 0.050492610837438424
0 0.7111979166666667 0.6336206896551724 0.03177083333333333 0.07019704433497537
0 0.671875 0.6422413793103449 0.03854166666666667 0.0603448275862069
0 0.4981770833333333 0.6958128078817734 0.0453125 0.06403940886699508
0 0.4395833333333333 0.41933497536945813 0.023958333333333335 0.07019704433497537
0 0.12447916666666667 0.7616995073891626 0.04791666666666667 0.1022167487684729
0 0.06614583333333333 0.7616995073891626 0.04583333333333333 0.1022167487684729
0 0.009114583333333334 0.5061576354679803 0.015104166666666667 0.1330049261083744
