0 0.6635 0.5961227786752827 0.029 0.07108239095315025
0 0.652 0.6179321486268174 0.118 0.09208400646203554
0 0.8425 0.49353796445880455 0.041 0.1825525040387722
0 0.8705 0.48546042003231016 0.037 0.11147011308562198
0 0.9815 0.5605815831987075 0.035 0.12924071082390953
0 0.9745 0.6987075928917609 0.047 0.2407108239095315
0 0.962 0.5161550888529887 0.03 0.1987075928917609
0 0.9285 0.44426494345718903 0.035 0.14862681744749595
0 0.916 0.42326332794830374 0.024 0.11631663974151858
0 0.911 0.5460420032310178 0.036 0.1938610662358643
0 0.9945 0.1841680129240711 0.009 0.08077544426494346
0 0.979 0.19063004846526657 0.02 0.08723747980613894
0 0.9665 0.08239095315024232 0.013 0.045234248788368334
0 0.9315 0.23263327948303716 0.027 0.1098546042003231
0 0.9115 0.20516962843295639 0.017 0.1098546042003231
0 0.88 0.08562197092084006 0.014 0.0420032310177706
0 0.838 0.12035541195476575 0.02 0.09531502423263329
0 0.8085 0.17689822294022617 0.023 0.0791599353796446
0 0.8945 0.12439418416801293 0.023 0.06785137318255251
0 0.893 0.2035541195476575 0.02 0.1098546042003231
0 0.8675 0.20436187399030695 0.023 0.09854604200323101
0 0.8415 0.20597738287560582 0.031 0.11147011308562198
0 0.7615 0.2148626817447496 0.031 0.10339256865912763
0 0.7585 0.11550888529886914 0.019 0.046849757673667204
0 0.744 0.1583198707592892 0.026 0.08077544426494346
0 0.7305 0.1074313408723748 0.015 0.05654281098546042
0 0.7065 0.09450726978998385 0.013 0.04038772213247173
0 0.6945 0.10904684975767366 0.013 0.05654281098546042
0 0.642 0.1680129240710824 0.024 0.0840064620355412
0 0.7465 0.3263327948303716 0.071 0.035541195476575124
0 0.812 0.3925686591276252 0.02 0.13247172859450726
0 0.706 0.29806138933764137 0.028 0.14054927302100162
0 0.688 0.2762520193861066 0.018 0.09046849757673667
0 0.5665 0.1704361873990307 0.021 0.0791599353796446
0 0.5615 0.13004846526655897 0.013 0.06623586429725363
0 0.5355 0.12762520193861066 0.021 0.05815831987075929
0 0.52 0.14054927302100162 0.012 0.03231017770597738
0 0.494 0.1429725363489499 0.016 0.08239095315024232
0 0.483 0.13408723747980614 0.014 0.07108239095315025
0 0.4975 0.20597738287560582 0.037 0.11147011308562198
0 0.459 0.22374798061389337 0.026 0.07269789983844911
0 0.4335 0.19547657512116318 0.019 0.09046849757673667
0 0.4085 0.20032310177705978 0.023 0.08723747980613894
0 0.342 0.2197092084006462 0.026 0.09369951534733441
0 0.323 0.22536348949919224 0.022 0.07592891760904685
0 0.194 0.24474959612277866 0.018 0.06623586429725363
0 0.132 0.27463651050080773 0.026 0.09369951534733441
0 0.125 0.21324717285945072 0.028 0.07431340872374798
0 0.1115 0.18497576736672053 0.021 0.06946688206785137
0 0.0945 0.25121163166397414 0.033 0.12762520193861066
0 0.091 0.3134087237479806 0.026 0.13893376413570274
0 0.062 0.2633279483037157 0.02 0.09693053311793215
0 0.0545 0.31179321486268174 0.025 0.12924071082390953
0 0.425 0.4418416801292407 0.03 0.15347334410339256
0 0.404 0.4466882067851373 0.026 0.1308562197092084
0 0.3835 0.43376413570274636 0.023 0.10177705977382875
0 0.661 0.4878836833602585 0.042 0.2035541195476575
0 0.1765 0.29321486268174474 0.015 0.05654281098546042
0 0.154 0.29967689822294025 0.018 0.046849757673667204
0 0.515 0.5920840064620355 0.04 0.2148626817447496
0 0.508 0.5791599353796446 0.046 0.2245557350565428
0 0.4615 0.5234248788368336 0.027 0.09693053311793215
0 0.433 0.6042003231017771 0.03 0.19709208400646203
0 0.413 0.6494345718901454 0.04 0.18739903069466882
0 0.393 0.697092084006462 0.052 0.23747980613893377
0 0.372 0.7180936995153473 0.05 0.2407108239095315
0 0.314 0.7415185783521809 0.042 0.09046849757673667
0 0.2865 0.6082390953150242 0.047 0.21809369951534732
0 0.2135 0.6187399030694669 0.049 0.22294022617124395
0 0.017 0.7350565428109854 0.028 0.11954765751211632
