0 0.8729166666666667 0.44166666666666665 0.0075 0.04
0 0.8608333333333333 0.4425 0.008333333333333333 0.03833333333333333
0 0.705 0.49916666666666665 0.02 0.04833333333333333
0 0.72625 0.5033333333333333 0.015833333333333335 0.03666666666666667
0 0.6825 0.4625 0.008333333333333333 0.051666666666666666
0 0.6716666666666666 0.4558333333333333 0.01 0.055
0 0.6466666666666666 0.49916666666666665 0.05 0.23833333333333334
0 0.55625 0.5066666666666667 0.019166666666666665 0.06
0 0.5291666666666667 0.4775 0.013333333333333334 0.08166666666666667
0 0.4475 0.5375 0.055 0.385
0 0.38666666666666666 0.5291666666666667 0.04833333333333333 0.3516666666666667
0 0.24916666666666668 0.6683333333333333 0.12666666666666668 0.10666666666666667
0 0.14333333333333334 0.62 0.023333333333333334 0.05
0 0.115 0.6191666666666666 0.03 0.06166666666666667
0 0.051666666666666666 0.635 0.09833333333333333 0.04666666666666667
0 0.1425 0.5375 0.055 0.345
