0 0.8763636363636363 0.5355191256830601 0.03636363636363636 0.18579234972677597
0 0.850909090909091 0.5327868852459017 0.02181818181818182 0.12568306010928962
0 0.74 0.5300546448087432 0.09818181818181818 0.4371584699453552
0 0.6890909090909091 0.5437158469945356 0.03272727272727273 0.1366120218579235
0 0.6181818181818182 0.5601092896174863 0.06545454545454546 0.2896174863387978
0 0.5636363636363636 0.5710382513661202 0.04363636363636364 0.16939890710382513
0 0.43636363636363634 0.5683060109289617 0.03636363636363636 0.09836065573770492
0 0.4381818181818182 0.6475409836065574 0.07636363636363637 0.12568306010928962
0 0.32 0.5382513661202186 0.04363636363636364 0.1366120218579235
0 0.3290909090909091 0.680327868852459 0.09818181818181818 0.2568306010928962
0 0.2290909090909091 0.6775956284153005 0.10181818181818182 0.20765027322404372
