0 0.9741035856573705 0.5572139303482587 0.043824701195219126 0.13930348258706468
0 0.5338645418326693 0.5771144278606966 0.055776892430278883 0.12935323383084577
0 0.448207171314741 0.4975124378109453 0.035856573705179286 0.07960199004975124
0 0.4681274900398406 0.582089552238806 0.05179282868525897 0.09950248756218906
0 0.38645418326693226 0.5746268656716418 0.06374501992031872 0.11442786069651742
0 0.32270916334661354 0.4651741293532338 0.0398406374501992 0.05472636815920398
0 0.2250996015936255 0.4626865671641791 0.027888446215139442 0.07960199004975124
0 0.2250996015936255 0.5522388059701493 0.06772908366533864 0.10945273631840796
0 0.15139442231075698 0.4900497512437811 0.03187250996015936 0.0945273631840796
0 0.12151394422310757 0.4925373134328358 0.035856573705179286 0.07960199004975124
0 0.10956175298804781 0.5323383084577115 0.035856573705179286 0.06965174129353234
0 0.08366533864541832 0.5323383084577115 0.0398406374501992 0.05970149253731343
0 0.053784860557768925 0.48258706467661694 0.05179282868525897 0.10945273631840796
0 0.01195219123505976 0.4651741293532338 0.02390438247011952 0.12437810945273632
0 0.07569721115537849 0.5970149253731343 0.09561752988047809 0.14925373134328357
0 0.649402390438247 0.582089552238806 0.15139442231075698 0.5174129353233831
0 0.8645418326693227 0.6218905472636815 0.16733067729083664 0.46766169154228854
