0 0.28363636363636363 0.8169398907103825 0.08727272727272728 0.12568306010928962
0 0.27454545454545454 0.7158469945355191 0.04727272727272727 0.19672131147540983
0 0.4218181818181818 0.8442622950819673 0.08 0.09289617486338798
0 0.5454545454545454 0.8333333333333334 0.07272727272727272 0.1366120218579235
0 0.9781818181818182 0.6584699453551912 0.03636363636363636 0.11475409836065574
0 0.8836363636363637 0.644808743169399 0.03636363636363636 0.13114754098360656
0 0.8290909090909091 0.6612021857923497 0.02181818181818182 0.13114754098360656
0 0.7727272727272727 0.7595628415300546 0.05454545454545454 0.09836065573770492
0 0.7036363636363636 0.7513661202185792 0.05454545454545454 0.09289617486338798
0 0.6690909090909091 0.639344262295082 0.02909090909090909 0.13114754098360656
0 0.5036363636363637 0.6721311475409836 0.025454545454545455 0.08743169398907104
0 0.21454545454545454 0.6612021857923497 0.05090909090909091 0.13114754098360656
0 0.1 0.7868852459016393 0.06909090909090909 0.2185792349726776
0 0.014545454545454545 0.5819672131147541 0.02181818181818182 0.08196721311475409
0 0.06 0.5901639344262295 0.01818181818181818 0.0546448087431694
