0 0.7758333333333334 0.650625 0.015 0.03875
0 0.5141666666666667 0.66875 0.02 0.0325
0 0.52625 0.668125 0.015833333333333335 0.04375
0 0.5358333333333334 0.6725 0.013333333333333334 0.0225
0 0.4791666666666667 0.643125 0.021666666666666667 0.08125
0 0.42375 0.64625 0.020833333333333332 0.08
0 0.44166666666666665 0.698125 0.07833333333333334 0.04125
0 0.3958333333333333 0.684375 0.025 0.04125
0 0.3620833333333333 0.664375 0.0425 0.04375
0 0.34375 0.6375 0.0125 0.045
0 0.27708333333333335 0.64375 0.029166666666666667 0.0425
0 0.2525 0.64 0.018333333333333333 0.04
0 0.23291666666666666 0.620625 0.0175 0.05875
0 0.2275 0.65 0.045 0.0425
0 0.205 0.645625 0.018333333333333333 0.03875
0 0.16666666666666666 0.63 0.021666666666666667 0.03
0 0.125 0.608125 0.015 0.04375
0 0.11083333333333334 0.6075 0.015 0.045
0 0.09833333333333333 0.65875 0.043333333333333335 0.0675
0 0.020416666666666666 0.62875 0.035833333333333335 0.0475
0 0.7470833333333333 0.760625 0.0975 0.05625
0 0.7033333333333334 0.731875 0.03666666666666667 0.07875
0 0.9191666666666667 0.75625 0.07 0.0925
0 0.9370833333333334 0.798125 0.09916666666666667 0.03375
0 0.8041666666666667 0.686875 0.03666666666666667 0.12625
