0 0.876 0.54047976011994 0.02 0.17841079460269865
0 0.8545 0.525487256371814 0.019 0.10644677661169415
0 0.9915 0.5149925037481259 0.013 0.12743628185907047
0 0.6915 0.5239880059970015 0.021 0.10944527736131934
0 0.623 0.5637181409295352 0.044 0.2698650674662669
0 0.5645 0.5697151424287856 0.039 0.1619190404797601
0 0.4395 0.5719640179910045 0.027 0.08845577211394302
0 0.441 0.6499250374812594 0.07 0.12143928035982009
0 0.3245 0.5412293853073463 0.043 0.12893553223388307
0 0.352 0.6101949025487257 0.02 0.08095952023988005
0 0.3325 0.6709145427286357 0.097 0.23238380809595202
0 0.2275 0.704647676161919 0.101 0.20089955022488756
0 0.4895 0.4700149925037481 0.007 0.019490254872563718
0 0.4005 0.47301349325337333 0.019 0.025487256371814093
0 0.239 0.48125937031484256 0.018 0.017991004497751123
0 0.2575 0.41829085457271364 0.009 0.020989505247376312
0 0.2255 0.41454272863568215 0.009 0.013493253373313344
0 0.1985 0.4197901049475262 0.011 0.017991004497751123
0 0.54 0.4700149925037481 0.012 0.01649175412293853
0 0.504 0.46926536731634183 0.016 0.017991004497751123
0 0.0085 0.43478260869565216 0.013 0.020989505247376312
0 0.3785 0.43103448275862066 0.009 0.01649175412293853
0 0.777 0.431784107946027 0.006 0.014992503748125937
0 0.5775 0.4325337331334333 0.013 0.013493253373313344
