0 0.4395 0.5044977511244377 0.055 0.15742128935532235
0 0.3615 0.46026986506746626 0.015 0.05697151424287856
0 0.35 0.4587706146926537 0.016 0.05997001499250375
0 0.3365 0.46101949025487254 0.013 0.05847076461769116
0 0.675 0.5149925037481259 0.04 0.06146926536731634
0 0.632 0.487256371814093 0.026 0.095952023988006
0 0.836 0.5044977511244377 0.03 0.13943028485757122
0 0.8105 0.4962518740629685 0.035 0.14392803598200898
0 0.8505 0.47226386806596704 0.007 0.047976011994003
0 0.754 0.44752623688155924 0.014 0.046476761619190406
0 0.741 0.4572713643178411 0.016 0.05997001499250375
