0 0.7614583333333333 0.575 0.07916666666666666 0.19074074074074074
0 0.84609375 0.5435185185185185 0.027604166666666666 0.19444444444444445
0 0.6515625 0.43425925925925923 0.01875 0.1111111111111111
0 0.5833333333333334 0.44305555555555554 0.016666666666666666 0.08611111111111111
0 0.5421875 0.45925925925925926 0.014583333333333334 0.07407407407407407
0 0.5190104166666667 0.44537037037037036 0.025520833333333333 0.037037037037037035
0 0.5786458333333333 0.8388888888888889 0.309375 0.10740740740740741
0 0.5458333333333333 0.8055555555555556 0.2864583333333333 0.12777777777777777
0 0.471875 0.6666666666666666 0.0875 0.1574074074074074
0 0.5393229166666667 0.6898148148148148 0.0578125 0.08518518518518518
0 0.33932291666666664 0.6055555555555555 0.13072916666666667 0.10740740740740741
0 0.3385416666666667 0.5203703703703704 0.08125 0.03148148148148148
0 0.22213541666666667 0.5199074074074074 0.043229166666666666 0.09351851851851851
0 0.22864583333333333 0.45185185185185184 0.021875 0.05925925925925926
0 0.18854166666666666 0.4652777777777778 0.020833333333333332 0.03425925925925926
0 0.15208333333333332 0.4773148148148148 0.041666666666666664 0.010185185185185186
0 0.13880208333333333 0.4587962962962963 0.021354166666666667 0.030555555555555555
0 0.13177083333333334 0.44027777777777777 0.009375 0.028703703703703703
0 0.05755208333333333 0.48564814814814816 0.0578125 0.032407407407407406
0 0.017447916666666667 0.4398148148148148 0.009895833333333333 0.03333333333333333
0 0.3450520833333333 0.4550925925925926 0.034895833333333334 0.017592592592592594
0 0.33307291666666666 0.4166666666666667 0.0067708333333333336 0.03333333333333333
0 0.7955729166666666 0.46296296296296297 0.0390625 0.025925925925925925
0 0.7606770833333333 0.4388888888888889 0.028645833333333332 0.05925925925925926
0 0.7411458333333333 0.4439814814814815 0.027083333333333334 0.05277777777777778
0 0.45807291666666666 0.6111111111111112 0.0265625 0.09074074074074075
